filename trial 2ag_15c0 2ag_15c1 2ag_70c0 2ag_70c1 2ag_130c0 2ag_130c1 2ag_190c0 2ag_190c1 AphosNoPP_15c0 AphosNoPP_15c1 AphosNoPP_70c0 AphosNoPP_70c1 AphosNoPP_130c0 AphosNoPP_130c1 AphosNoPP_190c0 AphosNoPP_190c1 CKpCam_15c0 CKpCam_15c1 CKpCam_70c0 CKpCam_70c1 CKpCam_130c0 CKpCam_130c1 CKpCam_190c0 CKpCam_190c1 Epac1_15c0 Epac1_15c1 Epac1_70c0 Epac1_70c1 Epac1_130c0 Epac1_130c1 Epac1_190c0 Epac1_190c1 Pkc_15c0 Pkc_15c1 Pkc_70c0 Pkc_70c1 Pkc_130c0 Pkc_130c1 Pkc_190c0 Pkc_190c1 
Gsfast-stim20hz-noReb_lowDaDec3 0 62.61 59.84 146.16 148.32 133.25 132.38 128.53 131.74 740.8 682.01 2268.04 2023.74 2430.22 2239.44 2020.05 1908.83 0.0 0.0 12.48 11.34 34.81 42.75 53.56 82.13 20.68 19.69 124.18 120.79 110.01 106.85 72.03 71.82 6.0 11.0 35.08 124.32 52.15 113.75 54.9 185.61
Gsfast-stim20hz-noReb_lowDaDec3 1 62.15 69.81 140.31 139.28 121.32 123.0 110.37 109.45 754.75 638.79 2073.27 2012.87 2352.62 2287.0 2499.33 2213.82 0.0 0.0 23.87 12.91 42.75 44.37 65.7 79.44 27.41 28.64 111.09 111.96 128.24 127.95 94.71 94.79 8.62 0.0 38.59 163.49 39.74 199.55 67.43 211.82
Gsfast-stim20hz-noReb_lowDaDec3 2 42.88 44.24 143.85 143.33 125.5 126.24 125.61 120.79 743.8 821.38 1938.31 1692.45 2432.98 2058.34 2293.4 2129.9 0.0 0.0 13.46 39.34 29.9 46.84 52.73 63.12 14.74 14.58 93.6 95.04 102.35 99.56 96.01 98.2 4.2 0.0 35.56 132.04 44.01 195.58 61.36 250.99
Gsfast-stimtheta-noReb_DaDec1 0 69.19 69.81 143.66 147.04 89.2 91.89 36.22 36.36 706.86 687.38 2111.26 1986.31 2869.21 2806.46 2855.56 2973.65 0.0 0.0 82.52 84.17 170.91 155.99 216.03 245.36 23.67 25.57 131.72 134.25 173.0 165.37 82.39 83.49 5.27 16.88 70.98 303.63 108.67 463.07 70.39 194.73
Gsfast-stimtheta-noReb_DaDec1 1 52.87 51.91 121.41 124.28 71.99 70.88 30.02 32.69 782.49 870.48 2158.29 2040.78 2690.96 2697.9 2702.68 2731.27 0.0 0.0 101.16 126.16 194.53 216.38 235.48 252.74 19.23 19.95 115.38 115.59 163.1 161.66 98.07 105.87 4.52 0.0 72.67 279.08 148.71 535.1 83.78 221.67
Gsfast-stimtheta-noReb_DaDec1 2 64.48 69.3 154.11 152.5 85.78 86.39 25.79 24.72 849.01 983.25 1933.49 1745.68 2757.43 2638.23 3040.38 2983.93 0.0 0.0 89.78 79.15 190.49 184.08 255.82 294.08 14.94 12.79 107.54 108.0 164.13 168.26 115.38 111.49 7.53 0.0 79.88 204.96 136.95 476.58 74.54 197.46
Gislow-stim20hz-noReb_lowDaDec3 0 49.7 59.33 135.22 136.04 126.55 124.62 94.49 96.07 748.9 622.68 1741.02 1621.4 2261.82 1813.92 2353.51 2122.74 0.0 0.0 24.23 19.22 49.98 55.15 71.16 71.26 17.14 11.76 85.6 87.5 111.68 108.98 94.78 98.62 5.41 0.0 42.45 143.54 54.38 113.16 61.93 107.87
Gislow-stim20hz-noReb_lowDaDec3 1 57.82 52.17 124.91 123.39 134.86 137.45 106.88 104.16 696.51 857.43 1566.67 1473.93 2026.75 2056.17 2027.64 1982.31 0.0 0.0 24.51 33.12 49.48 48.5 81.65 65.55 14.67 15.85 72.21 73.22 91.26 91.93 77.08 76.03 6.89 0.0 40.54 155.05 50.91 191.19 62.7 233.81
Gislow-stim20hz-noReb_lowDaDec3 2 60.6 66.74 136.15 139.33 133.4 131.06 116.6 119.04 776.82 636.23 1588.68 1487.32 2049.41 2018.92 2003.64 1703.57 0.0 0.0 19.76 15.17 38.08 61.5 55.37 77.7 23.74 27.87 76.53 74.59 87.69 88.48 78.8 76.42 5.53 2.05 34.4 94.66 48.19 176.23 54.84 179.18
Gislow-stimtheta-noReb_DaDec1 0 53.15 52.17 121.66 116.23 77.65 78.12 34.5 35.42 666.77 520.39 1456.98 1330.43 2604.01 2575.84 3313.89 3373.47 0.0 0.0 104.36 98.79 201.08 190.43 245.69 241.02 22.29 22.76 75.84 77.95 153.98 154.5 157.39 159.61 11.19 0.0 64.75 211.87 137.13 427.82 73.35 188.21
Gislow-stimtheta-noReb_DaDec1 1 61.52 62.91 146.93 146.74 97.64 98.11 41.28 40.23 687.27 704.77 1685.98 1575.41 2715.87 2638.19 3077.87 3170.26 0.0 0.0 83.86 74.71 173.69 194.14 219.02 283.3 23.34 26.85 83.82 83.75 156.63 157.52 127.07 129.1 6.03 0.0 67.13 292.12 136.83 423.77 88.19 141.24
Gislow-stimtheta-noReb_DaDec1 2 60.43 60.86 135.96 137.79 83.66 85.41 25.9 26.94 747.54 540.85 1557.57 1386.65 2622.98 2537.82 3089.29 3217.48 0.0 0.0 104.81 119.76 198.9 181.78 248.77 258.92 22.0 24.55 74.48 76.97 166.06 165.54 121.67 124.2 5.7 0.77 76.66 217.92 140.54 330.65 74.74 235.82
Da80-stim20hz-noReb_lowDaDec2 0 61.45 57.03 144.93 147.08 146.34 142.31 126.84 122.23 789.64 712.18 1740.52 1563.18 2611.83 2362.18 2781.39 2691.59 0.0 0.0 16.17 17.39 45.88 52.98 83.96 79.74 21.25 23.78 83.12 84.52 134.07 134.89 126.98 130.33 8.41 0.0 44.23 97.81 55.04 210.67 80.78 241.06
Da80-stim20hz-noReb_lowDaDec2 1 42.45 41.68 141.82 140.6 135.36 131.36 110.18 107.45 818.42 848.74 1726.22 1798.62 2447.62 2438.73 2473.01 2336.27 0.0 0.0 17.32 15.34 40.69 42.19 69.22 66.53 20.78 23.78 84.75 87.84 97.67 99.31 108.58 110.77 8.04 6.9 41.62 115.97 43.32 224.1 65.08 195.16
Da80-stim20hz-noReb_lowDaDec2 2 57.37 58.82 145.66 143.25 122.84 124.88 124.25 123.6 843.89 802.71 1725.59 1483.82 2475.59 2263.3 2572.75 2470.44 0.0 0.0 22.37 25.7 47.94 51.95 70.28 78.93 18.29 20.71 86.93 88.01 123.86 123.0 129.76 124.24 7.81 0.0 43.77 131.31 51.51 211.27 71.86 259.94
Da80-stim20hz-noReb_lowDaDec3 0 53.44 51.4 134.52 135.45 134.84 127.99 97.31 96.88 829.98 757.7 1517.0 1402.76 1862.05 1701.02 2067.1 1903.03 0.0 0.0 25.0 27.66 59.79 66.49 83.79 94.53 26.13 21.74 62.45 62.78 79.97 79.7 75.45 73.56 5.29 0.0 46.77 143.72 48.34 236.29 61.04 259.43
Da80-stim20hz-noReb_lowDaDec3 1 48.67 52.68 146.51 149.68 148.22 144.87 128.04 127.73 751.5 641.09 1654.89 1614.96 2003.51 1762.0 1800.74 1773.68 0.0 0.0 13.97 16.03 32.9 40.36 49.65 56.0 30.45 34.78 74.38 73.56 80.16 76.89 65.82 65.98 10.39 0.0 43.05 146.23 48.81 146.32 64.74 189.62
Da80-stim20hz-noReb_lowDaDec3 2 55.9 49.61 132.04 132.59 132.07 131.4 117.11 117.33 755.59 587.39 1431.76 1262.24 1920.03 1793.29 1961.27 1913.39 0.0 0.0 21.63 21.91 44.02 49.01 71.75 72.62 23.0 19.43 58.15 59.2 77.8 75.65 74.02 70.88 3.94 0.0 34.54 103.23 40.53 244.21 65.78 231.6
Da80-stimtheta-noReb_DaDec1 0 57.6 64.95 126.41 126.45 92.83 94.74 38.98 38.57 780.88 629.07 1610.33 1468.01 2287.34 2074.84 2688.86 2737.28 0.0 0.0 94.64 97.17 161.98 195.58 210.76 226.31 28.93 29.66 71.65 72.88 124.63 125.05 102.08 105.06 9.25 28.9 75.92 249.46 129.42 343.6 71.46 162.98
Da80-stimtheta-noReb_DaDec1 1 67.2 64.19 148.35 144.78 85.59 88.74 32.78 33.8 818.7 559.01 1517.74 1366.32 2492.14 2437.75 3048.36 3147.5 0.0 0.0 95.98 101.39 198.28 220.43 249.34 258.28 13.39 11.51 69.6 70.79 137.14 141.97 110.85 110.05 10.35 0.0 75.15 168.73 132.46 374.89 76.9 162.72
Da80-stimtheta-noReb_DaDec1 2 61.8 62.91 133.35 133.53 86.36 85.5 31.33 33.88 779.6 904.49 1840.4 1622.0 2340.19 2221.58 3074.41 3095.29 0.0 0.0 87.41 99.13 196.35 202.28 253.48 247.37 24.23 29.92 91.86 94.19 110.55 114.09 114.62 108.85 6.96 0.0 68.62 220.26 151.64 440.61 85.41 243.36
slowCKp-stim20hz-noReb_lowDaDec3 0 48.9 53.45 139.37 136.34 126.42 127.56 117.72 115.93 678.59 734.43 1492.33 1372.29 1996.08 1953.54 1947.32 1773.73 0.0 0.0 21.49 24.34 48.99 45.56 74.61 107.19 17.89 17.9 62.55 63.67 81.83 84.13 74.79 74.07 8.02 0.0 43.4 71.77 58.56 180.28 78.11 195.5
slowCKp-stim20hz-noReb_lowDaDec3 1 56.94 56.51 135.52 137.41 123.99 126.62 111.24 111.07 737.5 845.41 1581.92 1506.71 2209.23 1886.71 2082.16 1808.84 0.0 0.0 14.61 13.81 45.91 54.98 59.05 52.38 21.63 23.27 76.71 78.29 102.83 107.32 88.08 89.08 9.13 0.0 42.61 82.81 41.16 162.98 61.54 132.04
slowCKp-stim20hz-noReb_lowDaDec3 2 69.61 66.23 153.81 157.31 123.32 123.98 109.98 113.67 721.57 637.0 1619.78 1585.73 2036.69 1934.66 2230.99 1996.29 0.0 0.0 21.19 22.03 41.64 43.94 62.47 61.84 18.86 18.67 84.03 85.45 93.97 91.59 92.2 94.49 6.66 0.0 44.51 106.38 43.21 106.55 56.1 141.84
slowCKp-stimtheta-noReb_DaDec1 0 41.09 39.64 147.56 144.48 115.67 114.82 41.62 42.19 678.94 662.06 2011.42 1874.82 2646.29 2450.7 3068.9 3049.69 0.0 0.0 75.23 101.05 157.51 169.97 201.51 225.67 21.91 21.48 121.67 117.67 150.3 149.9 140.21 140.39 12.18 0.0 70.47 248.86 127.85 380.47 68.87 214.34
slowCKp-stimtheta-noReb_DaDec1 1 57.63 58.82 142.16 140.39 80.13 82.09 24.13 24.63 715.07 717.55 2028.85 1860.5 2702.0 2697.69 3125.29 3266.63 0.32 0.0 106.98 118.36 215.34 207.69 265.24 281.34 20.25 19.18 95.8 95.9 146.74 147.89 123.46 117.38 10.3 0.0 67.74 233.22 131.9 457.14 74.75 236.58
slowCKp-stimtheta-noReb_DaDec1 2 61.48 61.63 147.16 145.85 82.57 81.62 27.97 29.79 772.9 847.97 1862.3 1801.0 2747.77 2718.91 3039.53 3143.11 0.0 0.0 102.16 87.07 190.85 188.59 249.96 242.04 22.66 21.22 99.39 97.9 140.26 140.31 106.29 110.81 9.22 0.0 77.0 199.76 140.84 359.29 73.59 209.18
AChigh-stim20hz-noReb_lowDaDec3 0 35.17 31.71 145.2 150.66 136.24 136.81 112.5 116.14 417.14 509.91 1368.17 1360.86 1740.74 1558.19 2071.07 1924.13 0.0 0.0 16.54 18.71 40.45 40.32 64.61 79.7 26.41 23.53 57.66 59.37 67.53 68.36 88.99 85.75 3.26 5.63 44.94 106.12 46.7 123.47 65.53 125.64
AChigh-stim20hz-noReb_lowDaDec3 1 57.28 67.51 135.28 134.89 121.05 122.45 115.18 115.37 476.88 537.53 1464.75 1606.95 1808.4 1829.86 1723.86 1826.45 0.0 0.0 19.08 21.95 42.89 37.21 63.23 62.44 25.37 23.53 66.02 66.49 79.98 77.57 66.33 66.53 7.41 0.0 43.31 127.73 49.58 116.1 55.11 185.91
AChigh-stim20hz-noReb_lowDaDec3 2 49.69 50.12 139.08 137.24 147.01 147.17 114.32 112.65 405.67 433.7 1516.44 1478.24 1837.52 1820.31 1915.72 1893.32 0.0 0.0 19.09 21.35 40.46 38.61 57.9 52.64 13.04 15.85 75.5 75.1 75.5 80.17 84.06 82.04 8.98 0.0 43.14 109.07 61.71 121.51 63.95 137.28
AChigh-stimtheta-noReb_DaDec1 0 50.49 49.1 144.59 150.79 89.8 88.1 39.12 39.34 605.27 539.57 1387.41 1204.66 2150.16 1898.73 2556.76 2670.58 0.0 0.0 72.12 79.66 142.78 152.2 173.33 174.1 24.9 30.18 80.3 79.02 115.48 116.74 79.64 83.07 13.37 0.0 76.42 160.76 117.9 320.21 57.91 126.24
AChigh-stimtheta-noReb_DaDec1 1 40.65 39.89 153.07 150.53 91.58 92.36 29.83 29.62 459.75 390.23 1386.6 1381.36 2267.57 2227.08 2497.77 2612.53 0.0 0.0 82.05 93.08 170.36 167.97 204.82 205.0 18.42 11.25 65.95 63.63 111.07 113.58 75.15 72.41 4.09 0.0 75.85 119.51 129.01 355.5 58.42 112.65
AChigh-stimtheta-noReb_DaDec1 2 40.34 43.47 143.42 141.84 93.07 96.07 37.59 36.91 441.98 444.95 1558.51 1515.28 2318.72 2153.77 2614.4 2665.43 0.0 0.0 67.39 64.23 153.28 187.49 196.74 185.74 18.2 22.5 73.67 69.6 116.08 116.65 89.8 90.06 7.87 0.0 57.66 171.03 118.98 224.22 54.4 38.23
AClow-stim20hz-noReb_lowDaDec3 0 41.66 40.92 130.02 133.4 125.67 124.28 110.56 111.84 401.36 366.19 2394.24 2302.22 2772.72 2638.11 2761.11 2575.33 0.0 0.0 26.21 31.07 62.97 69.56 89.5 87.84 13.47 12.79 127.94 126.2 143.02 139.37 133.85 135.15 4.3 0.0 46.12 125.01 55.17 213.31 81.05 169.12
AClow-stim20hz-noReb_lowDaDec3 1 60.6 59.33 129.38 127.01 149.86 152.58 124.42 120.74 428.6 332.44 2595.92 2541.19 2543.81 2694.49 2583.69 2598.13 0.0 0.0 20.2 16.62 40.93 41.43 63.16 56.22 23.89 20.97 154.85 161.06 118.73 120.06 117.14 112.26 13.25 0.0 39.34 103.78 47.97 122.32 66.77 158.21
AClow-stim20hz-noReb_lowDaDec3 2 43.23 41.43 131.76 130.93 133.15 132.38 100.06 99.86 590.91 524.74 2554.8 2481.14 2898.85 2808.37 3014.92 2979.66 0.0 0.0 31.46 31.71 53.89 52.89 82.29 91.55 19.65 22.5 149.67 145.63 155.84 152.03 155.22 153.52 12.51 0.0 46.73 82.21 44.23 103.1 81.27 228.74
AClow-stimtheta-noReb_DaDec1 0 53.07 45.52 126.19 121.51 70.22 70.45 22.57 21.48 394.38 588.67 2483.8 2457.18 3075.38 3038.01 3473.03 3665.93 0.0 0.0 109.35 125.64 233.03 242.17 294.27 285.9 24.66 23.01 174.08 166.26 234.67 229.64 165.81 168.22 8.12 25.57 85.71 239.06 154.68 276.09 75.83 122.53
AClow-stimtheta-noReb_DaDec1 1 43.41 44.5 113.88 115.46 59.88 59.92 17.35 18.88 444.44 462.34 2586.27 2605.88 3143.35 3279.88 3381.26 3553.67 0.0 0.0 152.34 158.16 278.06 292.72 325.95 334.48 30.84 32.73 180.65 182.63 253.17 254.53 162.3 164.68 13.68 0.0 87.72 199.63 175.31 252.14 77.94 141.33
AClow-stimtheta-noReb_DaDec1 2 37.48 34.78 129.11 128.93 75.28 79.36 20.58 21.1 479.52 372.84 2589.54 2535.43 3130.12 3158.5 3481.93 3582.87 0.0 0.0 126.42 129.78 237.22 238.25 288.67 276.78 23.98 29.66 181.78 187.49 256.99 253.29 184.82 188.3 1.97 0.0 89.11 180.92 147.33 347.95 67.37 119.85
m1sp-stim20hz-blockM1 0 27.7 31.71 59.54 58.39 56.1 54.51 49.5 48.54 445.55 530.88 2008.72 1979.24 2298.66 2298.04 2509.51 2413.16 0.0 0.0 20.89 17.26 41.8 39.72 58.52 60.18 26.84 29.66 114.04 116.61 107.92 113.63 127.71 131.61 4.58 0.0 16.46 60.95 18.9 74.63 24.45 76.8
m1sp-stim20hz-blockM1 1 21.61 18.41 57.37 53.53 50.9 51.02 50.12 48.67 512.42 552.87 2151.31 2278.9 2270.27 2171.67 2253.36 2214.84 0.0 0.0 25.95 17.3 54.27 65.93 74.31 77.44 17.68 6.14 119.63 120.96 108.73 110.98 96.63 95.68 5.04 0.0 15.49 57.79 19.72 76.67 27.82 71.22
m1sp-stim20hz-blockM1 2 36.28 30.69 63.25 65.34 51.67 52.08 50.62 50.59 409.26 365.68 1873.06 1832.11 2303.0 2257.25 2149.8 2007.28 0.0 0.0 15.8 18.28 39.55 41.9 61.93 65.17 27.52 26.08 91.85 98.2 106.48 108.68 86.84 85.75 3.35 0.0 13.94 91.12 11.89 117.84 21.66 86.77
m1sp-stim20hz-blockMGlu 0 48.0 48.08 136.76 133.66 118.07 116.1 100.36 96.11 432.2 579.46 1875.54 1792.9 2045.87 1867.66 2252.64 2179.47 0.0 0.0 33.71 48.46 59.8 68.7 75.95 80.89 24.17 18.41 98.02 100.63 86.08 86.9 96.95 97.77 6.76 0.0 48.4 13.3 60.53 38.78 78.85 74.07
m1sp-stim20hz-blockMGlu 1 41.32 41.94 130.4 126.5 117.73 118.74 96.44 93.89 418.52 291.01 2043.88 1945.14 2393.45 2528.74 2396.62 2519.28 0.0 0.0 18.88 22.42 49.54 61.12 75.74 76.89 20.75 20.97 106.75 102.25 112.47 111.92 112.63 112.82 8.02 0.0 43.09 16.92 47.28 26.21 62.73 39.0
m1sp-stim20hz-blockMGlu 2 48.55 51.14 130.24 127.48 129.64 128.29 86.66 86.9 338.82 345.74 1771.3 1506.28 2034.34 1760.6 1896.43 1771.13 1.54 0.0 37.31 41.3 60.68 57.75 84.72 75.27 24.32 27.62 81.95 82.34 92.62 93.89 86.33 87.33 5.75 0.0 43.34 31.16 55.9 91.21 62.19 78.85
m1sp-stim20hz-noReb_lowDaDec3 0 61.83 57.79 137.28 135.87 130.83 129.69 112.09 114.26 511.83 624.47 1837.42 1867.53 2246.0 2118.65 2624.27 2337.8 0.0 0.0 23.81 22.08 56.83 63.8 83.26 71.64 16.36 7.16 88.73 85.62 107.86 109.62 99.59 94.7 5.78 0.0 43.9 53.02 54.1 84.64 68.41 84.09
m1sp-stim20hz-noReb_lowDaDec3 1 38.4 35.8 135.99 136.85 135.79 133.7 111.18 110.09 426.42 553.38 1860.67 1829.64 2100.52 2026.93 2003.86 2004.81 0.0 0.0 16.02 21.52 33.85 38.61 64.42 80.64 24.63 25.57 107.58 107.83 91.81 87.97 87.53 88.22 1.29 25.57 41.95 49.99 48.23 75.52 59.49 128.16
m1sp-stim20hz-noReb_lowDaDec3 2 51.25 48.59 153.04 154.5 127.24 128.03 112.18 112.77 395.95 352.38 1726.96 1729.57 2109.67 2012.61 2241.29 2071.21 0.0 0.0 27.82 34.74 45.02 47.56 60.29 60.26 12.64 8.18 83.77 80.34 102.59 97.64 82.12 85.07 5.63 0.0 44.91 62.1 50.99 66.15 63.15 89.63
m1sp-stimtheta-blockM1 0 22.32 16.88 71.16 71.26 37.71 38.57 8.7 9.72 550.17 584.58 2105.34 2047.05 2787.46 2713.8 3152.31 3052.67 0.0 0.0 96.78 101.82 194.63 198.65 242.82 237.22 26.04 28.13 123.99 123.26 168.45 172.53 124.63 121.04 2.64 0.0 27.99 107.57 52.03 208.63 27.72 61.67
m1sp-stimtheta-blockM1 1 16.11 23.53 62.77 58.56 35.88 34.74 9.88 10.78 278.59 410.69 1887.82 1985.12 2845.69 2782.55 3391.57 3554.61 0.0 0.0 95.8 97.52 193.36 198.18 240.15 245.41 19.15 20.46 113.43 111.62 179.8 183.05 176.67 185.01 1.54 0.0 27.2 95.09 58.39 209.86 32.75 109.15
m1sp-stimtheta-blockM1 2 27.33 21.48 64.95 67.77 33.22 32.69 11.69 10.87 248.92 191.28 1730.4 1682.9 2616.66 2623.06 2744.8 2824.19 0.0 0.0 113.09 118.14 206.98 217.19 241.93 253.8 14.17 17.39 90.8 95.34 145.81 148.28 96.35 95.77 2.31 0.0 34.74 137.49 60.04 218.81 21.9 104.72
m1sp-stimtheta-blockMGlu 0 42.15 40.4 132.7 135.19 71.84 76.76 26.64 26.6 601.03 634.19 2080.25 2039.04 2838.34 2865.14 3230.3 3388.39 0.0 0.0 92.85 103.18 183.48 164.51 227.48 201.3 25.06 25.57 124.78 128.67 178.67 182.07 142.94 142.48 8.64 0.0 74.31 39.76 125.14 78.17 62.63 39.59
m1sp-stimtheta-blockMGlu 1 47.41 41.94 146.27 145.55 82.73 84.52 30.12 30.73 406.96 325.28 2192.4 2077.05 2769.54 2807.14 3104.3 3304.22 0.0 0.0 86.87 84.05 179.23 181.18 217.74 208.24 26.1 21.48 126.07 128.24 156.23 150.62 118.45 120.57 8.7 0.0 83.9 57.03 104.08 51.19 51.51 11.55
m1sp-stimtheta-blockMGlu 2 43.08 36.82 123.66 124.11 83.12 82.17 25.08 24.89 404.78 437.28 1894.28 1827.47 2840.77 2832.88 3163.58 3314.79 0.0 0.0 107.23 146.06 200.84 217.79 248.56 251.25 26.96 25.57 106.89 107.74 179.87 188.47 121.57 117.55 2.49 0.0 77.53 27.32 152.31 55.36 66.18 27.7
m1sp-stimtheta-noReb_DaDec1 0 65.61 64.95 137.18 140.14 72.23 71.73 16.73 16.75 601.34 426.54 2039.28 2063.97 2738.21 2700.54 3089.5 3157.09 1.51 0.51 115.38 124.37 235.88 257.51 293.43 300.6 35.24 28.64 125.96 126.8 158.0 162.26 138.45 142.22 8.09 0.0 91.16 162.85 162.6 239.23 80.03 183.22
m1sp-stimtheta-noReb_DaDec1 1 51.22 49.1 133.14 132.85 74.58 72.41 24.37 24.51 445.58 386.14 1612.82 1553.55 2478.14 2461.96 3226.46 3296.08 0.0 0.0 129.86 134.85 223.87 222.43 268.63 290.67 19.0 24.55 78.33 77.74 151.58 149.81 127.95 129.86 4.92 0.0 91.36 145.8 160.92 237.74 62.89 80.51
m1sp-stimtheta-noReb_DaDec1 2 48.36 49.61 137.06 136.56 104.42 102.5 38.38 36.27 362.96 478.71 1717.18 1627.62 2737.42 2683.67 3143.13 3048.5 1.14 6.65 96.11 111.2 186.19 177.9 218.77 224.01 14.97 18.92 103.65 102.93 169.5 172.27 111.63 107.23 4.27 0.0 88.32 117.29 143.04 173.17 72.86 75.31
Plc50-stim20hz-blockM1 0 12.51 15.34 30.55 29.07 38.63 37.46 29.44 28.3 388.17 476.66 1671.02 1668.75 2246.57 2336.23 2570.22 2485.31 0.0 0.0 31.09 29.15 52.91 56.64 72.76 82.64 19.0 16.88 81.57 82.81 96.78 101.18 115.95 112.01 2.89 10.23 7.64 131.74 12.58 121.21 12.42 161.19
Plc50-stim20hz-blockM1 1 10.85 12.27 36.48 38.19 37.05 39.0 25.69 25.7 379.53 403.53 1717.49 1719.81 2113.13 2060.26 2498.75 2532.75 0.0 0.0 27.82 31.11 50.84 43.43 81.73 85.84 24.17 24.55 80.15 80.94 88.51 95.55 120.62 117.38 0.0 0.0 5.6 89.37 12.36 159.1 12.79 161.27
Plc50-stim20hz-blockM1 2 7.16 10.74 39.99 40.49 40.02 39.51 35.57 36.01 390.14 352.9 1890.28 1864.89 2220.06 2121.46 2019.6 1900.09 0.0 0.0 24.25 23.78 43.56 51.91 61.49 57.96 26.01 23.53 101.34 99.48 115.08 118.27 71.36 70.2 2.03 0.0 12.22 108.47 11.15 93.25 13.78 126.41
Plc50-stim20hz-blockMGlu 0 27.46 30.18 89.54 89.25 94.25 97.13 80.01 79.96 465.44 392.28 1593.69 1517.02 2119.22 2259.77 2292.21 2266.24 0.0 0.0 25.64 32.48 52.25 60.9 77.86 75.52 30.75 25.57 82.74 81.79 88.25 86.05 77.31 81.36 2.77 0.0 24.5 13.38 44.25 5.97 51.42 27.79
Plc50-stim20hz-blockMGlu 1 51.47 53.19 102.41 98.96 96.21 98.92 96.58 97.47 310.81 302.77 1804.44 1637.08 2107.88 1904.7 2184.59 2023.48 0.0 0.0 27.9 36.91 50.0 54.98 66.04 69.26 14.17 7.16 89.62 86.9 90.27 88.82 96.51 98.79 4.3 0.0 29.94 8.65 36.85 9.33 52.46 26.04
Plc50-stim20hz-blockMGlu 2 36.9 32.22 106.37 103.95 100.85 102.93 82.31 80.17 508.45 655.16 1888.63 1897.66 2280.53 2300.08 2261.19 2287.38 0.0 0.0 27.37 26.34 59.15 57.84 81.82 90.23 25.49 23.01 95.92 97.3 107.09 101.82 90.27 86.95 11.07 0.0 27.82 9.04 35.85 11.08 51.04 38.57
Plc50-stim20hz-noReb_lowDaDec3 0 26.04 20.97 109.08 111.92 110.19 113.54 84.8 83.41 475.92 437.28 1901.34 1823.08 2195.49 2180.32 2381.16 2399.01 0.0 0.0 27.78 31.24 52.53 58.13 82.04 85.41 26.13 28.13 90.42 93.68 105.37 102.59 101.2 102.12 8.15 0.0 37.07 95.26 49.38 159.78 70.71 159.4
Plc50-stim20hz-noReb_lowDaDec3 1 38.74 34.27 104.11 107.06 115.76 115.54 89.92 88.1 363.42 459.79 1684.69 1629.67 1884.02 1710.73 2036.97 2027.78 0.0 0.0 18.22 18.88 43.4 54.21 74.42 78.25 11.93 8.18 87.0 82.38 85.79 86.22 91.96 90.7 5.13 1.02 30.12 92.74 32.82 124.32 53.39 158.8
Plc50-stim20hz-noReb_lowDaDec3 2 40.95 39.38 114.26 113.5 121.03 120.7 99.09 96.24 539.2 470.02 1939.88 1992.45 2090.57 2098.28 2121.86 1935.43 0.0 0.0 19.45 23.36 45.36 52.55 65.59 65.55 30.84 25.06 92.23 94.53 90.14 95.73 92.95 91.76 6.0 0.0 32.33 103.06 42.53 162.04 52.72 162.72
Plc50-stimtheta-blockM1 0 10.21 6.14 40.81 42.32 20.45 20.67 8.09 6.82 486.35 430.12 2067.86 2051.69 2774.92 2717.04 3128.53 3194.56 0.0 0.0 109.28 114.52 216.47 246.39 270.74 294.76 23.77 20.97 125.04 123.09 173.07 173.21 127.93 132.8 1.54 0.0 18.7 207.82 31.12 289.56 16.32 181.6
Plc50-stimtheta-blockM1 1 11.59 12.27 41.63 41.98 23.21 20.67 6.1 6.78 537.78 702.21 1896.94 1969.82 2586.94 2718.7 3122.42 3269.44 0.0 0.0 103.22 105.14 196.83 203.34 238.86 261.35 23.21 16.88 95.66 91.04 141.04 140.86 128.66 125.69 2.64 0.0 14.73 144.57 27.17 263.61 12.66 125.18
Plc50-stimtheta-blockM1 2 15.43 20.97 43.26 44.45 26.38 25.91 5.94 5.33 519.95 594.81 2026.89 1923.15 2787.41 2693.17 3097.13 3044.75 0.0 0.0 98.18 107.66 190.3 197.67 242.1 256.53 25.8 20.46 100.68 101.39 173.07 175.51 134.89 134.42 1.2 0.0 17.96 159.23 29.69 229.0 15.65 139.67
Plc50-stimtheta-blockMGlu 0 37.97 35.8 106.15 106.04 59.54 58.47 19.93 20.54 432.39 493.54 1977.08 2013.8 2842.75 2937.21 3093.89 3217.19 0.0 0.0 104.46 98.71 201.0 200.74 234.27 229.64 18.39 12.27 118.71 116.48 175.66 177.34 124.13 122.02 7.53 0.0 65.44 49.31 98.73 55.11 39.49 21.65
Plc50-stimtheta-blockMGlu 1 36.37 38.87 108.58 108.21 60.72 60.95 16.82 17.13 402.16 263.39 1972.83 1810.29 2549.56 2468.39 3005.64 3300.76 0.0 0.0 103.66 109.45 185.2 196.35 229.33 236.63 18.26 14.32 119.82 119.46 147.84 144.78 122.2 123.0 7.75 0.0 64.62 13.55 109.4 16.96 53.47 12.74
Plc50-stimtheta-blockMGlu 2 29.33 30.18 102.55 102.08 60.95 61.93 18.96 17.99 574.68 486.89 1897.16 1833.35 2497.71 2379.19 2887.34 2878.01 0.0 0.0 98.12 106.04 193.29 220.47 236.86 254.31 11.59 10.74 96.89 92.44 132.27 135.53 105.31 108.55 2.0 5.11 58.77 14.15 104.84 25.32 54.25 34.1
Plc50-stimtheta-noReb_DaDec1 0 36.8 34.78 114.96 113.03 68.38 67.6 24.74 25.1 448.56 809.1 1956.53 2024.72 2677.56 2875.63 2825.29 3003.79 0.0 0.0 102.86 113.88 193.61 228.49 225.51 239.44 20.88 25.06 107.36 108.13 168.51 169.97 102.89 104.04 5.41 0.0 63.28 224.22 134.41 235.73 54.8 102.08
Plc50-stimtheta-noReb_DaDec1 1 34.99 36.82 110.23 108.89 64.64 66.4 16.94 15.98 368.93 308.91 2062.73 2093.93 2941.02 2853.42 3242.48 3390.35 0.0 0.0 114.15 123.77 220.38 248.18 261.81 274.05 23.83 27.11 120.27 118.44 224.9 228.27 135.13 132.46 6.83 10.23 69.65 108.85 109.43 228.91 56.02 88.18
Plc50-stimtheta-noReb_DaDec1 2 40.28 35.8 116.12 118.74 61.6 63.85 18.09 20.29 432.35 428.08 2057.69 2140.6 2910.66 3017.0 3055.73 3315.85 0.0 0.0 101.36 101.1 199.43 212.67 240.99 240.29 22.17 26.6 112.46 118.27 196.58 199.59 132.75 133.49 3.11 0.0 60.08 117.63 115.91 312.7 47.32 121.94
Plc75-stim20hz-blockM1 0 24.17 21.99 50.4 54.55 52.74 53.23 43.21 44.88 513.25 359.03 1828.07 1770.87 2208.83 2243.44 2301.27 2293.65 0.0 0.0 20.32 21.1 46.36 50.55 73.92 86.22 32.87 34.27 92.57 93.47 109.54 110.64 94.56 97.52 2.18 0.0 10.59 120.27 14.44 89.2 20.78 125.6
Plc75-stim20hz-blockM1 1 13.84 11.25 43.75 45.9 49.43 50.25 42.56 40.87 484.87 509.91 1930.6 1865.83 2137.12 2089.84 2123.86 2005.66 0.0 0.0 24.29 18.45 46.32 54.0 65.16 68.66 18.32 14.83 97.31 98.2 93.51 92.06 89.14 95.09 4.49 0.0 15.7 63.93 17.6 121.81 22.25 182.88
Plc75-stim20hz-blockM1 2 21.86 19.43 56.85 55.88 47.75 48.89 39.67 41.9 320.53 343.18 1519.33 1413.16 1987.52 1941.18 2173.18 1952.69 0.0 0.0 26.9 24.63 46.8 55.92 71.21 82.43 15.28 11.76 75.86 71.9 85.13 85.96 87.07 88.1 2.98 0.0 13.1 68.58 11.94 132.17 20.44 107.1
Plc75-stim20hz-blockMGlu 0 34.53 37.85 120.22 117.63 117.19 117.55 95.95 93.68 314.54 331.41 1659.1 1555.0 2041.08 1923.79 2154.8 2188.59 0.0 0.0 28.78 26.13 49.92 54.51 71.79 81.11 18.72 19.95 85.12 87.5 98.45 97.77 74.46 74.12 3.84 0.0 41.31 10.78 45.58 66.23 50.43 27.36
Plc75-stim20hz-blockMGlu 1 43.94 50.63 115.61 112.05 115.11 117.04 91.19 91.68 303.56 270.55 1904.47 1900.26 2233.64 2369.47 2154.74 2154.11 0.0 0.0 27.66 30.05 48.35 41.55 72.78 73.01 25.67 31.2 105.42 105.61 98.06 99.65 97.62 100.37 4.92 0.0 35.61 13.47 51.08 7.93 60.76 27.45
Plc75-stim20hz-blockMGlu 2 55.37 51.66 120.46 119.89 109.46 107.02 89.72 92.66 435.61 513.49 2006.97 1933.72 2289.26 2123.42 2349.58 2396.36 0.0 0.0 24.97 25.83 54.88 68.66 81.37 87.24 26.53 37.34 105.93 107.91 113.47 116.52 97.8 94.06 4.73 0.0 39.28 27.45 53.9 24.34 62.24 12.27
Plc75-stim20hz-noReb_lowDaDec3 0 49.96 46.03 131.14 134.77 114.61 117.12 87.35 90.18 487.05 434.73 1786.47 1726.76 2015.56 1786.85 2391.66 2116.86 0.0 0.0 27.54 26.94 53.22 64.83 80.5 80.04 23.37 20.46 81.9 79.4 83.92 77.19 94.37 95.13 5.1 0.0 38.26 96.96 49.79 132.42 56.65 142.01
Plc75-stim20hz-noReb_lowDaDec3 1 35.94 24.04 131.54 131.19 120.0 121.3 94.97 92.87 437.24 476.66 1983.44 1880.23 2171.06 2079.57 2144.13 2160.72 0.0 0.0 24.16 28.73 46.32 53.49 79.77 81.66 12.79 15.85 103.86 102.93 106.27 105.36 89.68 87.2 6.3 0.0 37.07 68.53 46.1 126.58 60.08 119.38
Plc75-stim20hz-noReb_lowDaDec3 2 29.58 23.53 131.93 129.86 117.79 120.53 95.12 94.57 441.27 469.5 1457.39 1334.06 2220.85 2077.39 2249.72 2237.77 0.0 0.0 23.72 18.84 44.18 52.93 73.52 73.95 13.71 10.23 68.21 67.51 105.57 104.76 99.36 102.03 3.84 0.0 40.9 83.54 45.18 110.9 53.86 126.97
Plc75-stimtheta-blockM1 0 16.76 17.39 58.79 58.99 33.33 32.95 10.21 10.23 503.81 453.65 1945.36 1951.66 2637.48 2648.97 2979.02 3142.22 0.0 0.0 81.85 76.25 206.87 200.44 250.06 247.67 31.48 44.5 113.21 112.94 159.13 157.91 111.44 108.38 2.24 0.0 23.3 191.71 39.54 297.7 20.81 155.52
Plc75-stimtheta-blockM1 1 8.79 10.23 46.74 44.88 25.66 24.51 6.91 8.1 468.45 355.45 1743.65 1662.78 2642.9 2564.84 3095.93 3108.93 0.0 0.0 101.95 111.28 211.58 203.0 265.7 266.42 14.51 11.76 86.4 86.95 144.51 145.72 120.49 115.59 0.86 0.0 15.89 171.29 39.24 311.08 21.46 144.61
Plc75-stimtheta-blockM1 2 17.16 28.64 47.25 50.16 29.59 29.24 7.23 7.03 438.47 302.26 1980.43 1825.64 2799.91 2699.69 3170.27 3348.8 0.0 0.0 94.71 88.48 198.82 226.7 253.35 254.49 22.35 26.6 114.74 114.01 174.93 180.03 148.67 154.54 3.72 0.0 18.7 109.15 41.13 223.29 19.82 87.76
Plc75-stimtheta-blockMGlu 0 49.1 48.59 115.29 116.35 71.69 74.07 25.49 25.1 200.31 246.0 1941.13 1966.33 2706.23 2706.68 3153.64 3326.68 0.0 0.0 95.79 91.85 188.34 182.8 234.44 211.57 19.43 19.95 131.33 130.08 164.07 165.07 142.63 139.07 2.67 0.0 64.35 17.73 102.3 59.03 54.68 25.87
Plc75-stimtheta-blockMGlu 1 42.92 41.43 130.76 130.89 88.02 89.72 32.08 31.54 441.98 511.44 1949.7 1988.28 2696.08 2571.92 3084.58 3120.01 0.0 0.0 72.58 86.31 159.9 160.12 201.53 193.33 26.84 23.53 113.68 113.5 147.69 147.59 120.56 120.36 7.56 0.0 54.83 25.53 104.85 19.14 52.77 16.62
Plc75-stimtheta-blockMGlu 2 33.51 36.82 121.37 126.92 72.13 72.11 25.25 25.7 389.03 359.54 1654.08 1606.4 2671.09 2755.95 3135.32 3309.8 0.0 0.0 101.05 117.59 204.47 201.47 243.89 238.5 24.69 41.94 88.72 89.67 155.98 156.59 138.74 135.11 3.9 0.0 76.91 16.07 130.44 23.4 59.03 27.23
Plc75-stimtheta-noReb_DaDec1 0 49.9 36.82 135.8 135.66 75.49 74.41 22.49 21.61 409.63 388.18 2078.69 1987.72 2758.58 2757.31 3367.17 3504.49 0.0 0.0 102.22 114.09 220.56 204.32 271.77 266.85 18.36 26.6 111.48 107.74 175.87 166.99 136.04 134.3 5.23 0.0 65.66 138.81 117.38 320.89 52.42 105.95
Plc75-stimtheta-noReb_DaDec1 1 50.49 54.72 126.59 123.94 80.69 84.94 27.42 28.0 351.22 383.58 1886.21 1971.7 2789.7 2723.77 3154.16 3283.8 0.0 0.0 102.91 99.22 215.56 229.85 267.53 257.43 8.52 7.67 99.0 98.32 181.35 177.73 146.2 145.93 6.0 0.0 69.61 246.77 135.35 301.24 56.41 164.94
Plc75-stimtheta-noReb_DaDec1 2 58.54 62.4 137.01 138.35 82.99 81.02 29.29 27.7 521.98 409.15 2095.7 2151.98 2856.55 2893.74 3111.49 3345.98 0.0 0.0 86.54 91.42 181.84 196.14 228.98 247.33 38.0 36.82 116.66 113.88 186.66 185.36 125.89 126.41 4.06 0.0 69.95 228.27 116.52 242.34 53.2 93.17
